Teste com 100 elementos

175 400 852 26 67 867 8 637 794 768 377 921 458 92 334 202 167 699 337 657 899 704 657 582 181 33 330 85 442 712 152 594 860 428 899 116 638 142 159 536 442 894 316 352 857 292 177 318 912 722 526 2 393 868 482 673 721 614 55 240 773 629 514 139 93 384 461 886 499 96 675 44 609 744 693 822 83 994 638 679 745 716 661 459 238 728 63 132 390 808 846 541 25 16 208 510 765 139 253 844 

Algoritmo: Insertion Sort
Tempo: 0.00 ms
Comparacoes: 2507
Movimentacoes: 2507
Vetor ordenado:
2 8 16 25 26 33 44 55 63 67 83 85 92 93 96 116 132 139 139 142 152 159 167 175 177 181 202 208 238 240 253 292 316 318 330 334 337 352 377 384 390 393 400 428 442 442 458 459 461 482 499 510 514 526 536 541 582 594 609 614 629 637 638 638 657 657 661 673 675 679 693 699 704 712 716 721 722 728 744 745 765 768 773 794 808 822 844 846 852 857 860 867 868 886 894 899 899 912 921 994 

Algoritmo: Quick Sort
Tempo: 0.00 ms
Comparacoes: 628
Movimentacoes: 1152
Vetor ordenado:
2 8 16 25 26 33 44 55 63 67 83 85 92 93 96 116 132 139 139 142 152 159 167 175 177 181 202 208 238 240 253 292 316 318 330 334 337 352 377 384 390 393 400 428 442 442 458 459 461 482 499 510 514 526 536 541 582 594 609 614 629 637 638 638 657 657 661 673 675 679 693 699 704 712 716 721 722 728 744 745 765 768 773 794 808 822 844 846 852 857 860 867 868 886 894 899 899 912 921 994 

Algoritmo: Counting Sort
Tempo: 0.00 ms
Comparacoes: 0
Movimentacoes: 1400
Vetor ordenado:
2 8 16 25 26 33 44 55 63 67 83 85 92 93 96 116 132 139 139 142 152 159 167 175 177 181 202 208 238 240 253 292 316 318 330 334 337 352 377 384 390 393 400 428 442 442 458 459 461 482 499 510 514 526 536 541 582 594 609 614 629 637 638 638 657 657 661 673 675 679 693 699 704 712 716 721 722 728 744 745 765 768 773 794 808 822 844 846 852 857 860 867 868 886 894 899 899 912 921 994 

